
strategic_region={
	id=218
	name="STRATEGICREGION_218"
	provinces={
		726 729 738 740 758 794 794 809 858 874 874 888 896 918 920 931 932 939 977 985 3725 3727 3729 3735 3737 3744 3761 3794 3820 3845 3858 3874 3874 3891 3918 3920 3930 3931 3933 3938 3945 3986 4024 6734 6746 6749 6756 6764 6866 6867 6867 6879 6902 6907 6914 6936 6948 6954 6955 9686 9689 9699 9703 9719 9757 9767 9770 9800 9827 9846 9852 9857 9870 9877 9925 11675 11677 11688 11692 11707 11710 11742 11756 11780 11798 11806 11809 11820 11825 11840 11843 11851 
	}
	weather={
	}
}
